2020-03-01 0 0 0
2020-03-02 0 0 0
2020-03-03 1 0 0
2020-03-04 3 0 0
2020-03-05 7 0 0
2020-03-06 13 1 0
2020-03-07 15 1 0
2020-03-08 15 1 0
2020-03-09 15 2 0
2020-03-10 21 3 0
2020-03-11 21 3 0
2020-03-12 22 4 0
2020-03-13 22 4 0
2020-03-14 22 4 0
2020-03-15 23 5 0
2020-03-16 27 5 0
2020-03-17 27 5 0
2020-03-18 27 5 0
2020-03-19 27 5 1
2020-03-20 30 6 1
2020-03-21 30 6 1
2020-03-22 31 6 1
2020-03-23 31 7 1
2020-03-24 31 8 1
2020-03-25 33 9 1
2020-03-26 35 9 1
2020-03-27 35 9 1
2020-03-28 35 9 1
2020-03-29 44 11 1
2020-03-30 56 13 2
2020-03-31 60 13 2
2020-04-01 60 13 2
2020-04-02 67 15 3
2020-04-03 69 16 3
2020-04-04 72 16 3
2020-04-05 77 16 3
2020-04-06 76 18 3
2020-04-07 77 19 3
2020-04-08 78 20 3
2020-04-09 81 21 3
2020-04-10 82 22 3
2020-04-11 83 22 4
2020-04-12 83 22 4
2020-04-13 83 24 4
2020-04-14 83 24 5
2020-04-15 89 25 5
2020-04-16 89 25 5
2020-04-17 89 25 5
2020-04-18 89 26 5
2020-04-19 89 26 5
2020-04-20 93 27 5
2020-04-21 93 27 5
2020-04-22 94 27 5
2020-04-23 94 27 5
2020-04-24 94 28 5 
2020-04-25 95 29 5
2020-04-26 95 30 5
2020-04-27 96 31 5
2020-04-28 97 32 5
2020-04-29 97 33 5
2020-04-30 98 34 5
2020-05-01 98 35 5
2020-05-02 98 36 5
2020-05-03 99 37 5
2020-05-04 99 58 5
2020-05-05 99 58 5
2020-05-06 99 74 5
2020-05-07 99 74 5
2020-05-08 99 79 5
2020-05-09 99 79 5