2020-03-01 0 0 0
2020-03-02 0 0 0
2020-03-03 0 0 0
2020-03-04 0 0 0
2020-03-05 0 0 0
2020-03-06 0 0 0
2020-03-07 0 0 0
2020-03-08 0 0 0
2020-03-09 1 0 0
2020-03-10 1 0 0
2020-03-11 1 0 0
2020-03-12 1 0 0
2020-03-13 2 0 0
2020-03-14 2 0 0
2020-03-15 2 0 0
2020-03-16 3 0 0
2020-03-17 3 0 0
2020-03-18 3 0 0
2020-03-19 3 0 0
2020-03-20 4 0 0
2020-03-21 4 0 0
2020-03-22 4 0 0
2020-03-23 4 0 0
2020-03-24 4 0 0
2020-03-25 4 0 0
2020-03-26 11 0 0
2020-03-27 11 0 0
2020-03-28 12 0 0
2020-03-29 12 1 0
2020-03-30 13 1 1
2020-03-31 15 3 1
2020-04-01 15 3 1
2020-04-02 15 3 1
2020-04-03 15 3 1
2020-04-04 16 5 1
2020-04-05 16 5 1
2020-04-06 16 5 1
2020-04-07 16 5 1
2020-04-08 16 5 1
2020-04-09 17 6 1
2020-04-10 17 6 1
2020-04-11 17 6 1 
2020-04-12 17 6 1
2020-04-13 17 6 1
2020-04-14 18 7 1
2020-04-15 18 7 1
2020-04-16 18 7 1
2020-04-17 18 7 1
2020-04-18 18 7 1
2020-04-19 18 7 1
2020-04-20 19 8 1
2020-04-21 19 8 1
2020-04-22 19 8 1
2020-04-23 19 8 1
2020-04-24 19 8 1
2020-04-25 21 9 1
2020-04-26 22 11 1
2020-04-27 25 11 1
2020-04-28 25 11 1
2020-04-29 25 11 1
2020-04-30 25 11 1
2020-05-01 25 11 1
2020-05-02 25 11 1
2020-05-03 25 11 1
2020-05-04 25 12 1
2020-05-05 25 12 1
2020-05-06 25 13 1
2020-05-07 25 14 1
2020-05-08 25 14 1
2020-05-09 25 14 1