2020-03-01 0 0 0
2020-03-02 0 0 0
2020-03-03 0 0 0
2020-03-04 0 0 0
2020-03-05 0 0 0
2020-03-06 0 0 0
2020-03-07 1 0 0
2020-03-08 1 0 0
2020-03-09 1 0 0
2020-03-10 1 0 0
2020-03-11 1 0 0
2020-03-12 1 0 0
2020-03-13 1 0 0
2020-03-14 1 0 0
2020-03-15 1 0 0
2020-03-16 1 0 0
2020-03-17 3 0 0
2020-03-18 3 0 0
2020-03-19 3 0 0
2020-03-20 3 0 0
2020-03-21 4 0 0
2020-03-22 4 0 0
2020-03-23 4 0 0
2020-03-24 4 0 0
2020-03-25 4 0 0
2020-03-26 4 0 0
2020-03-27 4 0 0
2020-03-28 4 0 0
2020-03-29 4 0 0
2020-03-30 4 0 0
2020-03-31 5 0 0
2020-04-01 5 0 0 
2020-04-02 7 0 0
2020-04-03 7 0 0
2020-04-04 7 0 0
2020-04-05 9 0 0
2020-04-06 9 0 0
2020-04-07 9 0 0
2020-04-08 12 0 0
2020-04-09 12 0 0
2020-04-10 13 0 0
2020-04-11 13 0 0
2020-04-12 15 0 0
2020-04-13 15 0 0
2020-04-14 15 0 0
2020-04-15 15 0 0
2020-04-16 20 1 0
2020-04-17 20 1 0
2020-04-18 21 3 0
2020-04-19 21 3 0
2020-04-20 22 5 0
2020-04-21 22 5 0
2020-04-22 22 5 0
2020-04-23 22 5 0
2020-04-24 22 5 0
2020-04-25 22 5 0
2020-04-26 22 5 0
2020-04-27 23 9 0
2020-04-28 23 9 0
2020-04-29 23 9 0
2020-04-30 23 9 0
2020-05-01 23 9 0
2020-05-02 23 9 0
2020-05-03 23 9 0
2020-05-04 23 12 0
2020-05-05 23 12 0
2020-05-06 23 12 0
2020-05-07 23 14 0
2020-05-08 23 14 0
2020-05-09 23 15 0