2020-03-01 0 0 0
2020-03-02 0 0 0
2020-03-03 1 0 0
2020-03-04 1 0 0
2020-03-05 1 0 0
2020-03-06 1 0 0
2020-03-07 1 0 0
2020-03-08 3 0 0
2020-03-09 3 0 0
2020-03-10 3 0 0
2020-03-11 3 0 0
2020-03-12 3 0 0
2020-03-13 3 0 0
2020-03-14 3 0 0
2020-03-15 3 0 0
2020-03-16 3 0 0
2020-03-17 3 0 0
2020-03-18 3 0 0
2020-03-19 3 0 0
2020-03-20 3 0 0
2020-03-21 3 0 0
2020-03-22 3 0 0 
2020-03-23 3 0 0
2020-03-24 3 0 1
2020-03-25 4 0 1
2020-03-26 4 0 1
2020-03-27 5 0 1
2020-03-28 5 0 1
2020-03-29 5 0 1
2020-03-30 7 0 1
2020-03-31 8 0 1
2020-04-01 8 0 1
2020-04-02 9 1 1
2020-04-03 10 1 1
2020-04-04 11 1 1
2020-04-05 11 2 1
2020-04-06 11 2 1
2020-04-07 11 2 1
2020-04-08 11 2 1
2020-04-09 12 3 1
2020-04-10 12 3 1
2020-04-11 12 3 1
2020-04-12 12 3 1
2020-04-13 12 3 1
2020-04-14 12 3 1
2020-04-15 13 4 1
2020-04-16 13 4 1
2020-04-17 13 4 1
2020-04-18 13 4 1
2020-04-19 15 4 1
2020-04-20 15 4 1
2020-04-21 15 4 1
2020-04-22 15 4 1
2020-04-23 15 4 1
2020-04-24 15 4 1
2020-04-25 15 4 1
2020-04-26 16 6 1
2020-04-27 16 6 1
2020-04-28 16 6 1
2020-04-29 16 6 1
2020-04-30 16 6 1
2020-05-01 16 6 1
2020-05-02 16 6 1
2020-05-03 16 6 1
2020-05-04 16 7 1
2020-05-05 16 7 1
2020-05-06 17 12 1
2020-05-07 17 12 1
2020-05-08 17 12 1
2020-05-09 17 12 1