2020-03-01 0 0 0
2020-03-02 0 0 0
2020-03-03 0 0 0
2020-03-04 0 0 0
2020-03-05 1 0 0
2020-03-06 1 0 0
2020-03-07 1 0 0
2020-03-08 2 0 0
2020-03-09 2 0 0
2020-03-10 2 0 0
2020-03-11 5 0 0
2020-03-12 5 0 0
2020-03-13 7 0 0
2020-03-14 7 0 0
2020-03-15 7 0 0
2020-03-16 8 0 0
2020-03-17 8 0 0
2020-03-18 9 0 0
2020-03-19 9 0 0
2020-03-20 9 0 0
2020-03-21 9 0 0
2020-03-22 10 0 0 
2020-03-23 10 0 0 
2020-03-24 12 0 0
2020-03-25 14 1 0
2020-03-26 19 1 0
2020-03-27 19 1 0
2020-03-28 19 1 0
2020-03-29 19 1 2
2020-03-30 43 5 2
2020-03-31 43 5 2
2020-04-01 51 6 2
2020-04-02 57 7 2
2020-04-03 58 9 2
2020-04-04 62 10 2
2020-04-05 62 10 2
2020-04-06 62 10 2
2020-04-07 62 10 2
2020-04-08 62 10 2
2020-04-09 62 10 2
2020-04-10 63 15 2
2020-04-11 65 17 2
2020-04-12 66 18 3
2020-04-13 70 20 3
2020-04-14 70 20 3
2020-04-15 81 24 3
2020-04-16 84 28 3
2020-04-17 84 28 3
2020-04-18 84 28 3
2020-04-19 85 30 3
2020-04-20 85 30 3
2020-04-21 85 30 3
2020-04-22 85 30 3
2020-04-23 85 30 3
2020-04-24 86 34 3
2020-04-25 87 39 3
2020-04-26 87 39 3
2020-04-27 87 39 3
2020-04-28 87 39 3
2020-04-29 87 41 4
2020-04-30 88 45 4 
2020-05-01 88 45 4 
2020-05-02 88 45 4 
2020-05-03 88 45 4 
2020-05-04 88 45 4 
2020-05-05 88 45 4
2020-05-06 90 51 4
2020-05-07 90 55 4
2020-05-08 90 55 5
2020-05-09 90 55 5