2020-03-01 0 0 0
2020-03-02 0 0 0
2020-03-03 0 0 0
2020-03-04 0 0 0
2020-03-05 0 0 0
2020-03-06 0 0 0
2020-03-07 1 0 0
2020-03-08 1 0 0
2020-03-09 1 0 0
2020-03-10 1 0 0
2020-03-11 1 0 0
2020-03-12 1 0 0
2020-03-13 4 0 0
2020-03-14 4 0 0
2020-03-15 4 0 0
2020-03-16 4 0 0
2020-03-17 7 0 0
2020-03-18 8 0 0 
2020-03-19 9 0 0  
2020-03-20 9 0 0
2020-03-21 10 1 1
2020-03-22 10 1 1
2020-03-23 11 2 1
2020-03-24 11 2 1
2020-03-25 11 3 1
2020-03-26 11 3 3
2020-03-27 11 3 3
2020-03-28 11 3 3
2020-03-29 19 5 3
2020-03-30 19 5 3
2020-03-31 20 5 3
2020-04-01 22 7 3
2020-04-02 22 7 3
2020-04-03 29 7 3
2020-04-04 29 7 4
2020-04-05 29 7 4
2020-04-06 29 10 4
2020-04-07 30 10 4
2020-04-08 30 10 4
2020-04-09 31 10 4
2020-04-10 31 13 5
2020-04-11 31 13 5
2020-04-12 31 13 5
2020-04-13 31 13 5
2020-04-14 31 13 5
2020-04-15 31 13 5
2020-04-16 31 13 5
2020-04-17 32 13 5
2020-03-18 32 13 5
2020-04-19 34 13 5
2020-04-20 36 15 5
2020-04-21 36 15 5
2020-04-22 36 15 5
2020-04-23 36 15 5
2020-04-24 36 15 5
2020-04-25 36 15 5
2020-04-26 36 15 5
2020-04-27 36 15 5
2020-04-28 36 15 5
2020-04-29 36 15 5
2020-04-30 36 15 5
2020-05-01 36 15 5
2020-05-02 36 15 5
2020-05-03 36 15 5
2020-05-04 36 15 5
2020-05-05 36 15 5
2020-05-06 36 18 5
2020-05-07 36 19 5
2020-05-08 36 19 5
2020-05-09 36 19 5