2020-03-01 0 0 0
2020-03-02 0 0 0
2020-03-03 0 0 0
2020-03-04 0 0 0
2020-03-05 0 0 0
2020-03-06 0 0 0
2020-03-07 0 0 0
2020-03-08 0 0 0
2020-03-09 0 0 0
2020-03-10 0 0 0
2020-03-11 0 0 0
2020-03-12 0 0 0
2020-03-13 0 0 0
2020-03-14 0 0 0
2020-03-15 0 0 0
2020-03-16 0 0 0
2020-03-17 0 0 0
2020-03-18 0 0 0
2020-03-19 0 0 0
2020-03-20 0 0 0
2020-03-21 0 0 0
2020-03-22 0 0 0
2020-03-23 0 0 0
2020-03-24 0 0 0
2020-03-25 0 0 0
2020-03-26 0 0 0
2020-03-27 1 0 0
2020-03-28 3 1 0
2020-03-29 3 1 0
2020-03-30 3 1 0
2020-03-31 3 1 0
2020-04-01 3 1 0
2020-04-02 5 4 1
2020-04-03 5 4 1
2020-04-04 5 4 1
2020-04-05 5 4 1
2020-04-06 5 4 1
2020-04-07 5 4 1
2020-04-08 5 4 1
2020-04-09 5 4 1
2020-04-10 5 4 1
2020-04-11 5 4 1
2020-04-12 5 4 1
2020-04-13 5 4 1
2020-04-14 5 4 1
2020-04-15 5 4 1
2020-04-16 5 4 1
2020-04-17 5 4 1
2020-04-18 5 4 1
2020-04-19 5 4 1
2020-04-20 5 4 1
2020-04-21 5 4 1
2020-04-22 5 4 1
2020-04-23 5 4 1
2020-04-24 5 4 1
2020-04-25 5 4 1
2020-04-26 5 4 1
2020-04-27 5 4 1
2020-04-28 5 4 1
2020-04-29 5 4 1
2020-04-30 5 4 1
2020-05-01 5 4 1
2020-05-02 5 4 1
2020-05-03 5 4 1
2020-05-04 5 4 1
2020-05-05 6 5 1
2020-05-06 6 5 1
2020-05-07 6 5 1
2020-05-08 6 5 1
2020-05-09 6 5 1