2020-03-01 0 0 0
2020-03-02 0 0 0
2020-03-03 0 0 0
2020-03-04 0 0 0
2020-03-05 0 0 0
2020-03-06 1 0 0
2020-03-07 1 0 0
2020-03-08 1 0 0
2020-03-09 1 0 0
2020-03-10 4 0 0
2020-03-11 4 0 0
2020-03-12 4 0 0
2020-03-13 8 0 0
2020-03-14 8 0 0
2020-03-15 8 0 0
2020-03-16 9 0 0
2020-03-17 9 0 0
2020-03-18 9 0 0
2020-03-19 10 1 0
2020-03-20 10 1 0
2020-03-21 12 3 0
2020-03-22 12 3 0
2020-03-23 13 4 1
2020-03-24 13 4 1
2020-03-25 16 4 1
2020-03-26 16 4 1
2020-03-27 16 4 1
2020-03-28 24 4 1
2020-03-29 25 4 1
2020-03-30 31 6 1
2020-03-31 41 6 1
2020-04-01 41 7 1
2020-04-02 45 8 1
2020-04-03 48 9 1
2020-04-04 51 10 3
2020-04-05 51 10 3
2020-04-06 51 10 4
2020-04-07 51 10 4
2020-04-08 51 10 4
2020-04-09 56 10 4
2020-04-10 61 10 4
2020-04-11 62 13 4
2020-04-12 64 15 5
2020-04-13 64 15 5
2020-04-14 68 17 5
2020-04-15 68 17 5
2020-04-16 71 19 5
2020-04-17 71 19 5
2020-04-18 73 21 5
2020-04-19 74 21 5
2020-04-20 74 21 5
2020-04-21 77 23 5
2020-04-22 78 27 5
2020-04-23 81 30 5
2020-04-24 81 30 5
2020-04-25 82 35 5
2020-04-26 82 35 5
2020-04-27 82 35 5
2020-04-28 82 35 5
2020-04-29 82 35 5
2020-04-30 82 35 5
2020-05-01 82 35 5
2020-05-02 82 38 5
2020-05-03 82 38 6
2020-05-04 82 51 6
2020-05-05 84 58 6
2020-05-06 84 58 7
2020-05-07 84 58 7
2020-05-08 84 58 7
2020-05-09 84 65 7