2020-03-01 00 00 00
2020-03-02 01 00 00
2020-03-03 02 00 00
2020-03-04 02 00 00
2020-03-05 02 00 00
2020-03-06 02 00 00
2020-03-07 02 00 00
2020-03-08 02 00 00
2020-03-09 05 00 00
2020-03-10 06 00 00
2020-03-11 07 00 00
2020-03-12 13 00 00
2020-03-13 16 00 00
2020-03-14 18 00 00 
2020-03-15 20 00 00
2020-03-16 24 00 00
2020-03-17 25 00 00
2020-03-18 39 00 00
2020-03-19 54 00 00
2020-03-20 60 00 00
2020-03-21 75 02 00
2020-03-22 89 04 00
2020-03-23 114 04 00
2020-03-24 173 06 00
2020-03-25 197 06 00
2020-03-26 227 07 00
2020-03-27 278 08 01
2020-03-28 312 08 01
2020-03-29 362 10 01 
2020-03-30 394 10 01
2020-03-31 423 14 04
2020-04-01 455 14 05
2020-04-02 495 18 05
2020-04-03 553 22 05
2020-04-04 574 22 05
2020-04-05 596 22 05
2020-04-06 623 25 23
2020-04-07 628 25 24 
2020-04-08 643 25 25
2020-04-09 671 25 25
2020-04-10 685 28 43
2020-04-11 726 34 43
2020-04-12 726 34 43 
2020-04-13 738 25 43
2020-04-14 780 35 43
2020-04-15 822 37 43 
2020-04-16 864 37 43
2020-04-17 866 37 43
2020-04-18 879 38 43
2020-04-19 884 38 148
2020-04-20 901 38 170
2020-04-21 909 38 190
2020-04-22 918 38 190
2020-04-23 922 38 194
2020-04-24 939 38 207
2020-04-25 949 38 216
2020-04-26 967 39 279 
2020-04-27 975 40 279
2020-04-28 980 40 294 
2020-04-29 994 41 305
2020-04-30 998 41 316
2020-05-01 1009 42 323
2020-05-02 1013 42 328
2020-05-03 1018 43 406
2020-05-04 1022 43 482
2020-05-05 1025 43 591
2020-05-06 1026 44 600
2020-05-07 1030 45 638
2020-05-08 1030 45 660
2020-05-09 1032 45 660