2020-03-01 0 0 0
2020-03-02 0 0 0
2020-03-03 0 0 0
2020-03-04 0 0 0
2020-03-05 0 0 0
2020-03-06 0 0 0
2020-03-07 0 0 0
2020-03-08 0 0 0
2020-03-09 0 0 0
2020-03-10 0 0 0
2020-03-11 0 0 0
2020-03-12 0 0 0
2020-03-13 0 0 0
2020-03-14 0 0 0
2020-03-15 0 0 0
2020-03-16 0 0 0
2020-03-17 0 0 0
2020-03-18 0 0 0
2020-03-19 0 0 0
2020-03-20 0 0 0
2020-03-21 0 0 0
2020-03-22 0 0 0
2020-03-23 0 0 0
2020-03-24 0 0 0
2020-03-25 0 0 0
2020-03-26 0 0 0
2020-03-27 1 0 0
2020-03-28 1 0 0
2020-03-29 1 0 0
2020-03-30 1 0 0
2020-03-31 1 0 0
2020-04-01 1 0 0
2020-04-02 1 0 0
2020-04-03 1 0 0
2020-04-04 1 0 0
2020-04-05 1 0 0
2020-04-06 1 0 0
2020-04-07 1 0 0
2020-04-08 1 0 0
2020-04-09 1 0 0
2020-04-10 1 0 0
2020-04-11 1 0 0
2020-04-12 2 0 0
2020-04-13 3 0 0
2020-04-14 4 2 0
2020-04-15 4 2 0
2020-04-16 4 2 0
2020-04-17 5 3 0
2020-04-18 5 3 0
2020-04-19 5 3 0
2020-04-20 5 3 0
2020-04-21 5 3 0
2020-04-22 5 3 0
2020-04-23 5 3 0
2020-04-24 5 3 0
2020-04-25 5 3 0
2020-04-26 5 3 0
2020-04-27 5 3 0
2020-04-28 5 3 0
2020-04-29 5 3 0
2020-04-30 5 3 0
2020-05-01 5 3 0
2020-05-02 5 3 0
2020-05-03 5 3 0
2020-05-04 5 3 0
2020-05-05 5 3 0
2020-05-06 5 3 0
2020-05-07 5 3 0
2020-05-08 5 3 0
2020-05-09 5 5 0