2020-03-01 0 0 0
2020-03-02 0 0 0
2020-03-03 0 0 0
2020-03-04 1 0 0
2020-03-05 3 0 0
2020-03-06 4 1 0
2020-03-07 4 1 0
2020-03-08 4 1 0
2020-03-09 10 1 0
2020-03-10 10 1 0
2020-03-11 10 1 0
2020-03-12 14 4 0
2020-03-13 14 4 0
2020-03-14 14 4 0
2020-03-15 14 4 0
2020-03-16 19 5 0
2020-03-17 19 5 0
2020-03-18 19 5 0
2020-03-19 24 8 0
2020-03-20 30 8 0
2020-03-21 30 9 0
2020-03-22 35 10 0
2020-03-23 35 10 0
2020-03-24 47 15 0
2020-03-25 52 27 0
2020-03-26 69 30 0
2020-03-27 69 40 0
2020-03-28 79 54 0
2020-03-29 94 60 0
2020-03-30 94 60 0
2020-03-31 105 60 1
2020-04-01 105 60 1
2020-04-02 112 60 2
2020-04-03 132 65 2
2020-04-04 135 70 2
2020-04-05 139 78 2
2020-04-06 144 80 2
2020-04-07 147 89 2
2020-04-08 152 90 3
2020-04-09 159 97 3
2020-04-10 159 99 3
2020-04-11 167 100 4
2020-04-12 173 100 5
2020-04-13 174 105 5
2020-04-14 187 107 5
2020-04-15 193 108 5
2020-04-16 193 109 5
2020-04-17 193 109 5
2020-04-18 193 110 6
2020-04-19 193 113 6
2020-04-20 195 114 6
2020-04-21 198 115 6 
2020-04-22 199 115 6
2020-04-23 199 115 6
2020-04-24 202 118 6
2020-04-25 205 119 6
2020-04-26 209 119 6
2020-04-27 211 120 7
2020-04-28 211 120 7
2020-04-29 223 120 7
2020-04-30 223 123 7 
2020-05-01 228 124 8
2020-05-02 228 125 8
2020-05-03 229 125 8
2020-05-04 231 127 8
2020-05-05 231 127 8
2020-05-06 232 127 8
2020-05-07 232 147 8
2020-05-08 232 147 8
2020-05-09 232 169 8