2020-03-01 0 0 0
2020-03-02 0 0 0
2020-03-03 0 0 0
2020-03-04 0 0 0
2020-03-05 0 0 0
2020-03-06 0 0 0
2020-03-07 0 0 0
2020-03-08 0 0 0
2020-03-09 0 0 0
2020-03-10 0 0 0
2020-03-11 0 0 0
2020-03-12 0 0 0
2020-03-13 0 0 0
2020-03-14 0 0 0
2020-03-15 0 0 0
2020-03-16 0 0 0
2020-03-17 0 0 0
2020-03-18 0 0 0
2020-03-19 0 0 0
2020-03-20 0 0 0
2020-03-21 0 0 0
2020-03-22 0 0 0
2020-03-23 0 0 0
2020-03-24 0 0 0
2020-03-25 0 0 0
2020-03-26 0 0 0
2020-03-27 0 0 0
2020-03-28 0 0 0
2020-03-29 1 0 0
2020-03-30 1 0 0
2020-03-31 1 0 0
2020-04-01 1 0 0
2020-04-02 1 0 0
2020-04-03 1 0 0
2020-04-04 2 0 0 
2020-04-05 2 0 0 
2020-04-06 2 0 0
2020-04-07 2 0 0
2020-04-08 2 0 0
2020-04-09 3 2 0
2020-04-10 3 2 0
2020-04-11 3 2 0
2020-04-12 3 2 0
2020-04-13 3 2 0
2020-04-14 3 2 0
2020-04-15 3 2 0
2020-04-16 3 2 0
2020-04-17 3 2 0
2020-04-18 3 2 0
2020-04-19 3 2 0
2020-04-20 3 2 0
2020-04-21 3 2 0
2020-04-22 3 2 0
2020-04-23 3 2 0
2020-04-24 3 2 0
2020-04-25 3 2 0
2020-04-26 3 2 0
2020-04-27 3 2 0
2020-04-28 3 2 0
2020-04-29 3 2 0
2020-04-30 3 2 0
2020-05-01 3 2 0
2020-05-02 3 2 0
2020-05-03 3 2 0
2020-05-04 3 2 0
2020-05-05 3 2 0
2020-05-06 3 3 0
2020-05-07 3 3 0
2020-05-08 3 3 0
2020-05-09 3 3 0