2020-03-01 0 0 0
2020-03-02 0 0 0
2020-03-03 0 0 0
2020-03-04 0 0 0
2020-03-05 0 0 0
2020-03-06 0 0 0
2020-03-07 0 0 0
2020-03-08 1 0 0
2020-03-09 4 0 0
2020-03-10 9 0 0
2020-03-11 9 0 0
2020-03-12 11 0 0
2020-03-13 15 0 0
2020-03-14 15 0 0
2020-03-15 15 0 0
2020-03-16 15 0 0
2020-03-17 15 0 0
2020-03-18 15 0 0
2020-03-19 16 0 0
2020-03-20 16 1 0
2020-03-21 17 1 0
2020-03-22 17 1 0
2020-03-23 17 1 0
2020-03-24 17 1 0
2020-03-25 17 1 0
2020-03-26 26 2 0
2020-03-27 26 2 0
2020-03-28 29 3 0
2020-03-29 45 4 0
2020-03-30 45 4 0
2020-03-31 45 4 0
2020-04-01 45 5 0
2020-04-02 49 5 0
2020-04-03 54 6 0
2020-04-04 56 7 1
2020-04-05 57 7 1
2020-04-06 61 8 1
2020-04-07 62 9 1
2020-04-08 63 9 1
2020-04-09 65 10 1
2020-04-10 66 10 1
2020-04-11 71 11 2
2020-04-12 74 13 2
2020-04-13 79 13 2
2020-04-14 81 13 2
2020-04-15 81 14 3
2020-04-16 87 15 3
2020-04-17 87 15 3
2020-04-18 87 16 3
2020-04-19 87 16 3
2020-04-20 91 17 3
2020-04-21 91 17 3
2020-04-22 91 17 3
2020-04-23 91 18 3
2020-04-24 92 18 3
2020-04-25 92 19 3
2020-04-26 93 20 4
2020-04-27 93 29 4
2020-04-28 94 30 4
2020-04-29 94 31 4
2020-04-30 94 31 4
2020-05-01 96 32 4
2020-05-02 96 35 4
2020-05-03 97 35 4
2020-05-04 97 35 4
2020-05-05 97 35 4
2020-05-06 97 62 4
2020-05-07 97 62 4
2020-05-08 97 71 4
2020-05-09 97 73 4