2020-03-01 0 0 0
2020-03-02 0 0 0
2020-03-03 0 0 0
2020-03-04 0 0 0
2020-03-05 0 0 0
2020-03-06 0 0 0
2020-03-07 0 0 0
2020-03-08 0 0 0
2020-03-09 0 0 0
2020-03-10 0 0 0
2020-03-11 0 0 0
2020-03-12 0 0 0
2020-03-13 0 0 0
2020-03-14 0 0 0
2020-03-15 0 0 0
2020-03-16 0 0 0
2020-03-17 0 0 0
2020-03-18 0 0 0
2020-03-19 0 0 0
2020-03-20 0 0 0
2020-03-21 0 0 0
2020-03-22 0 0 0
2020-03-23 1 0 0
2020-03-24 1 0 0
2020-03-25 1 0 0
2020-03-26 1 0 0
2020-03-27 1 0 0
2020-03-28 1 0 0
2020-03-29 1 0 0
2020-03-30 1 0 0
2020-03-31 1 0 0
2020-04-01 5 0 0
2020-04-02 5 0 0
2020-04-03 10 0 0
2020-04-04 10 0 0
2020-04-05 10 0 0
2020-04-06 11 0 0
2020-04-07 11 0 0
2020-04-08 13 0 0
2020-04-09 13 1 0
2020-04-10 16 2 0
2020-04-11 18 2 0
2020-04-12 18 2 0
2020-04-13 23 2 0
2020-04-14 23 2 0
2020-04-15 32 3 0
2020-04-16 32 3 0
2020-04-17 32 3 0
2020-04-18 32 3 0
2020-04-19 32 3 0
2020-04-20 33 3 0
2020-04-21 33 3 0
2020-04-22 38 3 0
2020-04-23 38 3 0
2020-04-24 38 3 0
2020-04-25 38 3 0
2020-04-26 43 5 0
2020-04-27 43 5 0
2020-04-28 44 5 0
2020-04-29 44 7 0
2020-04-30 44 7 0 
2020-05-01 44 7 0
2020-05-02 44 7 0
2020-05-03 44 7 0
2020-05-04 45 8 0
2020-05-05 45 8 0
2020-05-06 45 18 0
2020-05-07 45 18 0
2020-05-08 45 18 0
2020-05-09 45 18 0