2020-05-05 231 127 8
2020-05-04 105 17 0
2020-05-03 104 7 0
2020-05-02 104 7 0
2020-05-01 100 5 0
2020-04-30 99 5 0
2020-04-29 99 5 0
2020-04-28 99 5 0
2020-04-27 99 5 0
2020-04-26 98 4 0
2020-04-25 96 4 0
2020-04-24 94 4 0
2020-04-23 86 3 0
2020-04-22 86 2 0
2020-04-21 85 2 0
2020-04-20 85 2 0
2020-04-19 83 1 0
2020-04-18 83 1 0
2020-04-17 76 0 0
2020-04-16 76 0 0
2020-04-15 59 0 0
2020-04-14 51 0 0
2020-04-13 45 0 0
2020-04-12 42 0 0
2020-04-11 40 0 0
2020-04-10 40 0 0
2020-04-09 40 0 0
2020-04-08 39 0 0 
2020-04-07 39 0 0
2020-04-06 39 0 0 
2020-04-05 37 0 0
2020-04-04 31 0 0
2020-04-03 30 0 0
2020-04-02 30 0 0
2020-04-01 28 0 0 
2020-03-31 16 0 0
2020-03-30 15 0 0
2020-03-29 15 0 0
2020-03-28 15 0 0
2020-03-27 15 0 0
2020-03-26 15 0 0
2020-03-25 11 0 0
2020-03-24 5 0 0
2020-03-23 5 0 0
2020-03-22 5 0 0 
2020-03-21 3 0 0
2020-03-20 3 0 0
2020-03-19 3 0 0
2020-03-18 2 0 0
2020-03-17 2 0 0
2020-03-16 2 0 0
2020-03-15 2 0 0
2020-03-14 1 0 0
2020-03-13 1 0 0
2020-03-12 1 0 0
2020-03-11 0 0 0
2020-03-10 0 0 0
2020-03-09 0 0 0
2020-03-08 0 0 0
2020-03-07 0 0 0
2020-03-06 0 0 0
2020-03-05 0 0 0
2020-03-04 0 0 0
2020-03-03 0 0 0
2020-03-02 0 0 0
2020-03-01 0 0 0