2020-03-01 0 0 0
2020-03-02 0 0 0
2020-03-03 0 0 0
2020-03-04 0 0 0
2020-03-05 0 0 0
2020-03-06 0 0 0
2020-03-07 0 0 0
2020-03-08 0 0 0
2020-03-09 0 0 0
2020-03-10 0 0 0
2020-03-11 0 0 0
2020-03-12 0 0 0
2020-03-13 0 0 0
2020-03-14 0 0 0
2020-03-15 0 0 0
2020-03-16 0 0 0
2020-03-17 0 0 0
2020-03-18 0 0 0
2020-03-19 0 0 0
2020-03-20 1 0 0
2020-03-21 1 0 0
2020-03-22 1 0 0 
2020-03-23 1 0 0
2020-03-24 2 0 0
2020-03-25 2 0 0
2020-03-26 2 0 0
2020-03-27 2 0 0
2020-03-28 2 0 0
2020-03-29 2 0 0
2020-03-30 2 0 0
2020-03-31 4 1 0
2020-04-01 4 1 0 
2020-04-02 4 1 0 
2020-04-03 4 1 0 
2020-04-04 5 1 0
2020-04-05 5 1 0
2020-04-06 5 1 0
2020-04-07 5 1 0
2020-04-08 5 1 0
2020-04-09 6 2 0
2020-04-10 6 2 0
2020-04-11 6 2 0
2020-04-12 6 2 0
2020-04-13 6 2 0
2020-04-14 6 2 0
2020-04-15 6 2 0
2020-04-16 6 2 0
2020-04-17 6 2 0
2020-04-18 6 2 0
2020-04-19 6 2 0
2020-04-20 6 2 0
2020-04-21 6 2 0
2020-04-22 6 2 0
2020-04-23 6 2 0
2020-04-24 6 2 0
2020-04-25 6 2 0
2020-04-26 6 2 0
2020-04-27 6 2 0
2020-04-28 6 2 0
2020-04-29 7 3 0
2020-04-30 7 3 0
2020-05-01 8 3 0
2020-05-02 8 3 0
2020-05-03 8 3 0
2020-05-04 8 3 0
2020-05-05 8 3 0
2020-05-06 8 3 0
2020-05-07 8 3 0
2020-05-08 8 3 0
2020-05-09 8 3 0