2020-03-01 0 0 0
2020-03-02 0 0 0
2020-03-03 0 0 0
2020-03-04 0 0 0
2020-03-05 0 0 0
2020-03-06 0 0 0
2020-03-07 0 0 0
2020-03-08 0 0 0
2020-03-09 0 0 0
2020-03-10 0 0 0
2020-03-11 0 0 0
2020-03-12 0 0 0
2020-03-13 0 0 0
2020-03-14 0 0 0
2020-03-15 0 0 0
2020-03-16 0 0 0
2020-03-17 0 0 0
2020-03-18 0 0 0
2020-03-19 0 0 0
2020-03-20 0 0 0
2020-03-21 0 0 0
2020-03-22 0 0 0
2020-03-23 0 0 0
2020-03-24 0 0 0
2020-03-25 0 0 0
2020-03-26 1 0 0
2020-03-27 1 0 0
2020-03-28 1 0 0
2020-03-29 2 0 0
2020-03-30 2 0 0
2020-03-31 2 0 0
2020-04-01 2 0 0
2020-04-02 2 0 0
2020-04-03 2 0 0
2020-04-04 2 0 0
2020-04-05 2 0 0
2020-04-06 2 0 0
2020-04-07 2 0 0
2020-04-08 2 0 0
2020-04-09 2 0 0
2020-04-10 2 0 0
2020-04-11 2 0 0
2020-04-12 2 0 0
2020-04-13 2 1 0
2020-04-14 6 2 0
2020-04-15 6 2 0
2020-04-16 6 2 0
2020-04-17 6 2 0
2020-04-18 6 2 0
2020-04-19 6 2 0
2020-04-20 6 2 0
2020-04-21 6 2 0
2020-04-22 6 2 0
2020-04-23 6 2 0
2020-04-24 7 2 0
2020-04-25 7 2 0
2020-04-26 8 2 0
2020-04-27 8 2 0
2020-04-28 9 3 0
2020-04-29 9 3 0
2020-04-30 9 3 0
2020-05-01 9 3 0
2020-05-02 9 3 0
2020-05-03 9 3 0
2020-05-04 9 9 0
2020-05-05 9 9 0
2020-05-06 9 9 0
2020-05-07 9 9 0
2020-05-08 9 9 0
2020-05-09 9 9 0