2020-03-01 0 0 0
2020-03-02 0 0 0
2020-03-03 0 0 0
2020-03-04 0 0 0
2020-03-05 0 0 0
2020-03-06 0 0 0
2020-03-07 0 0 0
2020-03-08 0 0 0
2020-03-09 0 0 0
2020-03-10 0 0 0
2020-03-11 0 0 0
2020-03-12 0 0 0
2020-03-13 0 0 0
2020-03-14 0 0 0
2020-03-15 0 0 0
2020-03-16 0 0 0
2020-03-17 0 0 0
2020-03-18 0 0 0
2020-03-19 0 0 0
2020-03-20 0 0 0
2020-03-21 0 0 0
2020-03-22 0 0 0
2020-03-23 0 0 0
2020-03-24 1 0 0
2020-03-25 1 0 0
2020-03-26 4 0 1 
2020-03-27 4 0 1 
2020-03-28 4 0 1 
2020-03-29 4 0 1 
2020-03-30 4 0 1 
2020-03-31 5 1 1
2020-03-01 5 1 1
2020-03-02 5 1 1
2020-03-03 5 1 1
2020-03-04 5 1 1
2020-03-05 5 1 1
2020-03-06 5 1 1
2020-03-07 5 1 1
2020-03-08 5 1 1
2020-03-09 5 1 1
2020-03-10 5 1 1
2020-03-11 5 1 1
2020-03-12 5 1 1
2020-03-13 5 1 1
2020-03-14 5 1 1
2020-03-15 5 1 1
2020-03-16 5 1 1
2020-03-17 5 1 1
2020-03-18 5 1 1
2020-03-19 5 1 1
2020-03-20 5 1 1
2020-03-21 5 1 1
2020-03-22 5 1 1
2020-03-23 5 1 1
2020-03-24 5 1 1
2020-03-25 5 1 1
2020-04-26 6 2 1
2020-04-27 6 2 1
2020-04-28 6 2 1
2020-04-29 7 4 1
2020-04-30 7 4 1
2020-05-01 7 4 1
2020-05-02 7 4 1
2020-05-03 7 4 1
2020-05-04 7 4 1
2020-05-05 7 4 1
2020-05-06 8 4 1
2020-05-07 8 4 1
2020-05-08 8 4 1
2020-05-09 8 4 1