2020-03-01 0 0 0
2020-03-02 0 0 0
2020-03-03 0 0 0
2020-03-04 0 0 0
2020-03-05 0 0 0
2020-03-06 0 0 0
2020-03-07 0 0 0
2020-03-08 0 0 0
2020-03-09 0 0 0
2020-03-10 0 0 0
2020-03-11 0 0 0
2020-03-12 0 0 0
2020-03-13 0 0 0
2020-03-14 0 0 0
2020-03-15 0 0 0
2020-03-16 0 0 0
2020-03-17 0 0 0
2020-03-18 0 0 0
2020-03-19 0 0 0
2020-03-20 0 0 0
2020-03-21 0 0 0
2020-03-22 0 0 0
2020-03-23 0 0 0
2020-03-24 3 0 0
2020-03-25 3 0 0
2020-03-26 3 0 0
2020-03-27 6 0 0
2020-03-28 8 0 0
2020-03-29 8 0 0
2020-03-30 8 0 0
2020-03-31 10 0 1
2020-04-01 10 0 1
2020-04-02 10 0 1
2020-04-03 16 0 1
2020-04-04 16 1 1
2020-04-05 20 1 1
2020-04-06 31 1 1
2020-04-07 32 2 2
2020-04-08 32 2 2
2020-04-09 32 3 2
2020-04-10 34 3 4
2020-04-11 35 3 4
2020-04-12 35 3 4
2020-04-13 35 3 4
2020-04-14 36 3 5
2020-04-15 36 3 5
2020-04-16 37 3 5
2020-04-17 37 3 5
2020-04-18 38 3 5
2020-04-19 38 4 5
2020-04-20 38 4 5
2020-04-21 39 4 5
2020-04-22 39 4 5
2020-04-23 39 4 5
2020-04-24 39 4 5
2020-04-25 39 4 5
2020-04-26 39 5 5
2020-04-27 39 5 5
2020-04-28 39 5 5
2020-04-29 39 5 5
2020-04-30 40 6 5
2020-05-01 41 6 5
2020-05-02 41 7 5
2020-05-03 41 7 5
2020-05-04 41 7 5
2020-05-05 41 7 5
2020-05-06 41 16 5
2020-05-07 41 16 5
2020-05-08 41 16 5
2020-05-09 41 16 5