2020-03-01 0 0 0
2020-03-02 0 0 0
2020-03-03 0 0 0
2020-03-04 0 0 0
2020-03-05 0 0 0
2020-03-06 0 0 0
2020-03-07 1 0 0
2020-03-08 1 0 0
2020-03-09 1 0 0
2020-03-10 2 0 0
2020-03-11 2 0 0
2020-03-12 2 0 0
2020-03-13 4 0 0
2020-03-14 4 0 0
2020-03-15 4 0 0
2020-03-16 4 0 0
2020-03-17 4 0 0
2020-03-18 9 0 0
2020-03-19 9 0 0
2020-03-20 9 0 0
2020-03-21 10 0 0
2020-03-22 10 0 0
2020-03-23 10 0 0
2020-03-24 13 1 0
2020-03-25 14 1 0
2020-03-26 14 1 0
2020-03-27 22 4 0
2020-03-28 25 5 0
2020-03-29 26 5 0
2020-03-30 26 5 0
2020-03-31 26 5 0
2020-04-01 26 5 0
2020-04-02 26 5 0
2020-04-03 26 5 0
2020-04-04 26 5 0
2020-04-05 26 5 0
2020-04-06 26 5 0
2020-04-07 29 7 0
2020-04-08 30 9 0
2020-04-09 34 9 0
2020-04-10 34 9 0
2020-04-11 35 12 0
2020-04-12 35 12 0
2020-04-13 35 12 0
2020-04-14 36 15 0
2020-04-15 36 15 0
2020-04-16 36 15 0
2020-04-17 36 15 0
2020-04-18 36 15 0
2020-04-19 37 18 0
2020-04-20 37 18 0
2020-04-21 37 18 0
2020-04-22 37 18 0
2020-04-23 37 18 0
2020-04-24 37 18 0
2020-04-25 37 18 0
2020-04-26 37 18 0
2020-04-27 37 18 0
2020-04-28 37 18 0
2020-04-29 37 18 0
2020-04-30 37 18 0
2020-05-01 38 18 0
2020-05-02 38 18 0
2020-05-03 39 21 0
2020-05-04 39 31 0
2020-05-05 39 31 0
2020-05-06 39 31 0
2020-05-07 40 31 0
2020-05-08 40 34 0
2020-05-09 40 34 0