2020-03-01 0 0 0
2020-03-02 0 0 0
2020-03-03 0 0 0
2020-03-04 0 0 0
2020-03-05 0 0 0
2020-03-06 0 0 0
2020-03-07 0 0 0
2020-03-08 0 0 0
2020-03-09 0 0 0
2020-03-10 0 0 0
2020-03-11 0 0 0
2020-03-12 0 0 0
2020-03-13 0 0 0
2020-03-14 0 0 0
2020-03-15 0 0 0
2020-03-16 0 0 0
2020-03-17 0 0 0
2020-03-18 0 0 0
2020-03-19 1 0 0
2020-03-20 1 0 0
2020-03-21 1 0 0
2020-03-22 1 0 0
2020-03-23 1 0 0
2020-03-24 2 0 0
2020-03-25 2 0 0
2020-03-26 2 0 0
2020-03-27 2 0 0
2020-03-28 2 0 0
2020-03-29 2 0 0
2020-03-30 2 0 0
2020-03-31 2 0 0
2020-04-01 2 0 0
2020-04-02 2 0 0
2020-04-03 2 0 0
2020-04-04 2 0 0
2020-04-05 2 0 0
2020-04-06 2 0 0
2020-04-07 3 0 0
2020-04-08 3 0 0
2020-04-09 3 0 0
2020-04-10 3 0 0
2020-04-11 3 0 0
2020-04-12 3 0 0
2020-04-13 3 0 0
2020-04-14 3 0 0
2020-04-15 3 1 0
2020-04-16 3 1 0
2020-04-17 3 1 0
2020-04-18 3 1 0
2020-04-19 3 1 0
2020-04-20 3 1 0
2020-04-21 3 1 0
2020-04-22 3 1 0
2020-04-23 3 1 0
2020-04-24 3 1 0
2020-04-25 3 1 0
2020-04-26 3 1 0
2020-04-27 3 1 0
2020-04-28 3 1 0
2020-04-29 3 1 0
2020-04-30 3 1 0
2020-05-01 3 1 0
2020-05-02 3 2 0
2020-05-03 3 2 0
2020-05-04 3 2 0
2020-05-05 3 2 0